Name: sn2007oc
Type: SNIIP
Zhel:     0.0070120000
Redshift_error:    1.3000000e-05
Zcmb:     0.0061200000
Ra:        344.17404
Dec:       -36.772861
Epoch: 2000
E(B-V)_MW:      0.019000000
E(B-V)_MW_Ref: Schlafly & Finkbeiner 2011, Appendix; 2011ApJ...737..103S
Host: NGC 7418A
Host_type: SA(rs)d:
Distance(m-M):        32.020000
Distance_method: NED
Offset(deg):     0.0017413577
Major_diameter(arcmin):        3.7000000
Minor_diameter(arcmin):        1.8000000
