Name: sn2003hg
Type: SNIIP
zhel: 0.01427
Redshift_error: 0.00001
zcmb: 0.01308
Ra: 357.850542
Dec: 20.110639
Host: NGC 7771
Host_type: SB(s)a
E(B-V)_MW: 0.074
Distance(m-M): 33.83
Distance_error(m-M): 0.01
