Name: sn1992ba
Type: SNIIP
zhel: 0.00395
Redshift_error: 0.00002
zcmb: 0.00415
Ra:  85.446253
Dec:  -64.300195
Host: 	NGC 2082
Host_type: SB(r)b
E(B-V)_MW: 0.058
Distance(m-M): 30.41
Distance_error(m-M): 0.80
